BUYBLUNA:0.98000;
SELLBLUNA:0.99000;
POSITION:SELL;
LUNAMAX:1500;
LUNASTART:1000.000000;
BLUNASTART:1000.000000;